第1幅图像的平均误差：0.0440881像素
第2幅图像的平均误差：0.0440881像素
第3幅图像的平均误差：0.0440881像素
第4幅图像的平均误差：0.0440881像素
第5幅图像的平均误差：0.0440881像素
第6幅图像的平均误差：0.0440881像素
第7幅图像的平均误差：0.0440881像素
第8幅图像的平均误差：0.0440881像素
第9幅图像的平均误差：0.0440881像素
第10幅图像的平均误差：0.0440881像素
第11幅图像的平均误差：0.0440881像素
第12幅图像的平均误差：0.0440881像素
第13幅图像的平均误差：0.0440881像素
第14幅图像的平均误差：0.0440881像素
总体平均误差：0.0440881像素

相机内参数矩阵：
[1097.882162848074, 0, 1029.090566096958;
 0, 1100.422276690279, 1239.674243681934;
 0, 0, 1]
畸变系数：
[-0.2458937742175805, 0.08425477958034687, 0.0004138288612327023, 0.0008621772367948575, -0.01705450258227215]
第1幅图像的旋转向量：
[-2.069858906103052;
 -2.236272994068772;
 0.07442106088029543]
第1幅图像的旋转矩阵：
[-0.0753720118615977, 0.9919662623822778, -0.1015972151354045;
 0.9965261349002568, 0.07855179481549901, 0.02766365832675414;
 0.03542205935135306, -0.09915921453197518, -0.9944409122138483]
第1幅图像的平移向量：
[-57.12139370604538;
 -81.82260686173785;
 133.3295960786773]
第2幅图像的旋转向量：
[-2.069858906103052;
 -2.236272994068772;
 0.07442106088029543]
第2幅图像的旋转矩阵：
[-0.0753720118615977, 0.9919662623822778, -0.1015972151354045;
 0.9965261349002568, 0.07855179481549901, 0.02766365832675414;
 0.03542205935135306, -0.09915921453197518, -0.9944409122138483]
第2幅图像的平移向量：
[-57.12139370604538;
 -81.82260686173785;
 133.3295960786773]
第3幅图像的旋转向量：
[-2.069858906103052;
 -2.236272994068772;
 0.07442106088029542]
第3幅图像的旋转矩阵：
[-0.0753720118615977, 0.9919662623822778, -0.1015972151354045;
 0.9965261349002568, 0.07855179481549901, 0.02766365832675414;
 0.03542205935135307, -0.09915921453197518, -0.9944409122138483]
第3幅图像的平移向量：
[-57.12139370604538;
 -81.82260686173785;
 133.3295960786773]
第4幅图像的旋转向量：
[-2.069858906103052;
 -2.236272994068772;
 0.07442106088029546]
第4幅图像的旋转矩阵：
[-0.0753720118615977, 0.9919662623822778, -0.1015972151354045;
 0.9965261349002568, 0.07855179481549901, 0.02766365832675412;
 0.03542205935135305, -0.0991592145319752, -0.9944409122138483]
第4幅图像的平移向量：
[-57.1213937060454;
 -81.82260686173788;
 133.3295960786773]
第5幅图像的旋转向量：
[-2.069858906103052;
 -2.236272994068772;
 0.07442106088029544]
第5幅图像的旋转矩阵：
[-0.0753720118615977, 0.9919662623822778, -0.1015972151354045;
 0.9965261349002568, 0.07855179481549901, 0.02766365832675413;
 0.03542205935135306, -0.09915921453197518, -0.9944409122138483]
第5幅图像的平移向量：
[-57.12139370604538;
 -81.82260686173785;
 133.3295960786773]
第6幅图像的旋转向量：
[-2.069858906103052;
 -2.236272994068772;
 0.07442106088029542]
第6幅图像的旋转矩阵：
[-0.0753720118615977, 0.9919662623822778, -0.1015972151354045;
 0.9965261349002568, 0.07855179481549901, 0.02766365832675414;
 0.03542205935135307, -0.09915921453197518, -0.9944409122138483]
第6幅图像的平移向量：
[-57.12139370604538;
 -81.82260686173785;
 133.3295960786773]
第7幅图像的旋转向量：
[-2.069858906103052;
 -2.236272994068772;
 0.07442106088029543]
第7幅图像的旋转矩阵：
[-0.0753720118615977, 0.9919662623822778, -0.1015972151354045;
 0.9965261349002568, 0.07855179481549901, 0.02766365832675414;
 0.03542205935135306, -0.09915921453197518, -0.9944409122138483]
第7幅图像的平移向量：
[-57.12139370604538;
 -81.82260686173785;
 133.3295960786773]
第8幅图像的旋转向量：
[-2.069858906103052;
 -2.236272994068772;
 0.07442106088029544]
第8幅图像的旋转矩阵：
[-0.0753720118615977, 0.9919662623822778, -0.1015972151354045;
 0.9965261349002568, 0.07855179481549901, 0.02766365832675413;
 0.03542205935135306, -0.09915921453197518, -0.9944409122138483]
第8幅图像的平移向量：
[-57.12139370604538;
 -81.82260686173785;
 133.3295960786773]
第9幅图像的旋转向量：
[-2.069858906103052;
 -2.236272994068772;
 0.07442106088029544]
第9幅图像的旋转矩阵：
[-0.0753720118615977, 0.9919662623822778, -0.1015972151354045;
 0.9965261349002568, 0.07855179481549901, 0.02766365832675413;
 0.03542205935135306, -0.09915921453197518, -0.9944409122138483]
第9幅图像的平移向量：
[-57.12139370604538;
 -81.82260686173785;
 133.3295960786773]
第10幅图像的旋转向量：
[-2.069858906103052;
 -2.236272994068772;
 0.07442106088029544]
第10幅图像的旋转矩阵：
[-0.0753720118615977, 0.9919662623822778, -0.1015972151354045;
 0.9965261349002568, 0.07855179481549901, 0.02766365832675413;
 0.03542205935135306, -0.09915921453197518, -0.9944409122138483]
第10幅图像的平移向量：
[-57.12139370604538;
 -81.82260686173785;
 133.3295960786773]
第11幅图像的旋转向量：
[-2.069858906103052;
 -2.236272994068772;
 0.07442106088029538]
第11幅图像的旋转矩阵：
[-0.0753720118615977, 0.9919662623822778, -0.1015972151354045;
 0.9965261349002568, 0.07855179481549901, 0.02766365832675416;
 0.03542205935135309, -0.09915921453197515, -0.9944409122138483]
第11幅图像的平移向量：
[-57.12139370604538;
 -81.82260686173785;
 133.3295960786773]
第12幅图像的旋转向量：
[-2.069858906103052;
 -2.236272994068772;
 0.07442106088029543]
第12幅图像的旋转矩阵：
[-0.0753720118615977, 0.9919662623822778, -0.1015972151354045;
 0.9965261349002568, 0.07855179481549901, 0.02766365832675414;
 0.03542205935135306, -0.09915921453197518, -0.9944409122138483]
第12幅图像的平移向量：
[-57.12139370604538;
 -81.82260686173785;
 133.3295960786773]
第13幅图像的旋转向量：
[-2.069858906103052;
 -2.236272994068772;
 0.07442106088029544]
第13幅图像的旋转矩阵：
[-0.0753720118615977, 0.9919662623822778, -0.1015972151354045;
 0.9965261349002568, 0.07855179481549901, 0.02766365832675413;
 0.03542205935135306, -0.09915921453197518, -0.9944409122138483]
第13幅图像的平移向量：
[-57.12139370604538;
 -81.82260686173785;
 133.3295960786773]
第14幅图像的旋转向量：
[-2.069858906103052;
 -2.236272994068772;
 0.07442106088029543]
第14幅图像的旋转矩阵：
[-0.0753720118615977, 0.9919662623822778, -0.1015972151354045;
 0.9965261349002568, 0.07855179481549901, 0.02766365832675414;
 0.03542205935135306, -0.09915921453197518, -0.9944409122138483]
第14幅图像的平移向量：
[-57.12139370604538;
 -81.82260686173785;
 133.3295960786773]

